#Noeuds
1189
         1    100.000
         2    100.000
         3    100.000
         4    100.000
         5    100.000
         6    100.000
         7    100.000
         8    100.000
         9    100.000
        10    100.000
        11    100.000
        12    100.000
        13    100.000
        14    100.000
        15    100.000
        16    100.000
        17    100.000
        18    100.000
        19    100.000
        20    100.000
        21    100.000
        22    100.000
        23    100.000
        24    100.000
        25    100.000
        26    100.000
        27    100.000
        28    100.000
        29    100.000
        30    100.000
        31    100.000
        32    100.000
        33    100.000
        34    100.000
        35    100.000
        36    100.000
        37    100.000
        38    100.000
        39    100.000
        40    100.000
        41    100.000
        42    100.000
        43    100.000
        44    100.000
        45    100.000
        46    100.000
        47    100.000
        48    100.000
        49    100.000
        50    100.000
        51    100.000
        52    100.000
        53    100.000
        54    100.000
        55    100.000
        56    100.000
        57    100.000
        58    100.000
        59    100.000
        60    100.000
        61    100.000
        62    100.000
        63    100.000
        64    100.000
        65    100.000
        66    100.000
        67    100.000
        68    100.000
        69    100.000
        70    100.000
        71    100.000
        72    100.000
        73    100.000
        74    100.000
        75    100.000
        76    100.000
        77    100.000
        78    100.000
        79    100.000
        80    100.000
        81    100.000
        82    100.000
        83    100.000
        84    100.000
        85    100.000
        86    100.000
        87    100.000
        88    100.000
        89    100.000
        90    100.000
        91    100.000
        92    100.000
        93    100.000
        94    100.000
        95    100.000
        96    100.000
        97    100.000
        98    100.000
        99    100.000
       100    100.000
       101    100.000
       102    100.000
       103    100.000
       104    100.000
       105    100.000
       106    100.000
       107    100.000
       108    100.000
       109    100.000
       110    100.000
       111    100.000
       112    100.000
       113    100.000
       114    100.000
       115    100.000
       116    100.000
       117    100.000
       118    100.000
       119    100.000
       120    100.000
       121    100.000
       122    100.000
       123    100.000
       124    100.000
       125    100.000
       126    100.000
       127    100.000
       128    100.000
       129    100.000
       130    100.000
       131    100.000
       132    100.000
       133    100.000
       134    100.000
       135    100.000
       136    100.000
       137    100.000
       138    100.000
       139    100.000
       140    100.000
       141    100.000
       142    100.000
       143    100.000
       144    100.000
       145    100.000
       146    100.000
       147    100.000
       148    100.000
       149    100.000
       150    100.000
       151    100.000
       152    100.000
       153    100.000
       154    100.000
       155    100.000
       156    100.000
       157    100.000
       158    100.000
       159    100.000
       160    100.000
       161    100.000
       162    100.000
       163    100.000
       164    100.000
       165    100.000
       166    100.000
       167    100.000
       168    100.000
       169    100.000
       170    100.000
       171    100.000
       172    100.000
       173    100.000
       174    100.000
       175    100.000
       176    100.000
       177    100.000
       178    100.000
       179    100.000
       180    100.000
       181    100.000
       182    100.000
       183    100.000
       184    100.000
       185    100.000
       186    100.000
       187    100.000
       188    100.000
       189    100.000
       190    100.000
       191    100.000
       192    100.000
       193    100.000
       194    100.000
       195    100.000
       196    100.000
       197    100.000
       198    100.000
       199    100.000
       200    100.000
       201    100.000
       202    100.000
       203    100.000
       204    100.000
       205    100.000
       206    100.000
       207    100.000
       208    100.000
       209    100.000
       210    100.000
       211    100.000
       212    100.000
       213    100.000
       214    100.000
       215    100.000
       216    100.000
       217    100.000
       218    100.000
       219    100.000
       220    100.000
       221    100.000
       222    100.000
       223    100.000
       224    100.000
       225    100.000
       226    100.000
       227    100.000
       228    100.000
       229    100.000
       230    100.000
       231    100.000
       232    100.000
       233    100.000
       234    100.000
       235    100.000
       236    100.000
       237    100.000
       238    100.000
       239    100.000
       240    100.000
       241    100.000
       242    100.000
       243    100.000
       244    100.000
       245    100.000
       246    100.000
       247    100.000
       248    100.000
       249    100.000
       250    100.000
       251    100.000
       252    100.000
       253    100.000
       254    100.000
       255    100.000
       256    100.000
       257    100.000
       258    100.000
       259    100.000
       260    100.000
       261    100.000
       262    100.000
       263    100.000
       264    100.000
       265    100.000
       266    100.000
       267    100.000
       268    100.000
       269    100.000
       270    100.000
       271    100.000
       272    100.000
       273    100.000
       274    100.000
       275    100.000
       276    100.000
       277    100.000
       278    100.000
       279    100.000
       280    100.000
       281    100.000
       282    100.000
       283    100.000
       284    100.000
       285    100.000
       286    100.000
       287    100.000
       288    100.000
       289    100.000
       290    100.000
       291    100.000
       292    100.000
       293    100.000
       294    100.000
       295    100.000
       296    100.000
       297    100.000
       298    100.000
       299    100.000
       300    100.000
       301    100.000
       302    100.000
       303    100.000
       304    100.000
       305    100.000
       306    100.000
       307    100.000
       308    100.000
       309    100.000
       310    100.000
       311    100.000
       312    100.000
       313    100.000
       314    100.000
       315    100.000
       316    100.000
       317    100.000
       318    100.000
       319    100.000
       320    100.000
       321    100.000
       322    100.000
       323    100.000
       324    100.000
       325    100.000
       326    100.000
       327    100.000
       328    100.000
       329    100.000
       330    100.000
       331    100.000
       332    100.000
       333    100.000
       334    100.000
       335    100.000
       336    100.000
       337    100.000
       338    100.000
       339    100.000
       340    100.000
       341    100.000
       342    100.000
       343    100.000
       344    100.000
       345    100.000
       346    100.000
       347    100.000
       348    100.000
       349    100.000
       350    100.000
       351    100.000
       352    100.000
       353    100.000
       354    100.000
       355    100.000
       356    100.000
       357    100.000
       358    100.000
       359    100.000
       360    100.000
       361    100.000
       362    100.000
       363    100.000
       364    100.000
       365    100.000
       366    100.000
       367    100.000
       368    100.000
       369    100.000
       370    100.000
       371    100.000
       372    100.000
       373    100.000
       374    100.000
       375    100.000
       376    100.000
       377    100.000
       378    100.000
       379    100.000
       380    100.000
       381    100.000
       382    100.000
       383    100.000
       384    100.000
       385    100.000
       386    100.000
       387    100.000
       388    100.000
       389    100.000
       390    100.000
       391    100.000
       392    100.000
       393    100.000
       394    100.000
       395    100.000
       396    100.000
       397    100.000
       398    100.000
       399    100.000
       400    100.000
       401    100.000
       402    100.000
       403    100.000
       404    100.000
       405    100.000
       406    100.000
       407    100.000
       408    100.000
       409    100.000
       410    100.000
       411    100.000
       412    100.000
       413    100.000
       414    100.000
       415    100.000
       416    100.000
       417    100.000
       418    100.000
       419    100.000
       420    100.000
       421    100.000
       422    100.000
       423    100.000
       424    100.000
       425    100.000
       426    100.000
       427    100.000
       428    100.000
       429    100.000
       430    100.000
       431    100.000
       432    100.000
       433    100.000
       434    100.000
       435    100.000
       436    100.000
       437    100.000
       438    100.000
       439    100.000
       440    100.000
       441    100.000
       442    100.000
       443    100.000
       444    100.000
       445    100.000
       446    100.000
       447    100.000
       448    100.000
       449    100.000
       450    100.000
       451    100.000
       452    100.000
       453    100.000
       454    100.000
       455    100.000
       456    100.000
       457    100.000
       458    100.000
       459    100.000
       460    100.000
       461    100.000
       462    100.000
       463    100.000
       464    100.000
       465    100.000
       466    100.000
       467    100.000
       468    100.000
       469    100.000
       470    100.000
       471    100.000
       472    100.000
       473    100.000
       474    100.000
       475    100.000
       476    100.000
       477    100.000
       478    100.000
       479    100.000
       480    100.000
       481    100.000
       482    100.000
       483    100.000
       484    100.000
       485    100.000
       486    100.000
       487    100.000
       488    100.000
       489    100.000
       490    100.000
       491    100.000
       492    100.000
       493    100.000
       494    100.000
       495    100.000
       496    100.000
       497    100.000
       498    100.000
       499    100.000
       500    100.000
       501    100.000
       502    100.000
       503    100.000
       504    100.000
       505    100.000
       506    100.000
       507    100.000
       508    100.000
       509    100.000
       510    100.000
       511    100.000
       512    100.000
       513    100.000
       514    100.000
       515    100.000
       516    100.000
       517    100.000
       518    100.000
       519    100.000
       520    100.000
       521    100.000
       522    100.000
       523    100.000
       524    100.000
       525    100.000
       526    100.000
       527    100.000
       528    100.000
       529    100.000
       530    100.000
       531    100.000
       532    100.000
       533    100.000
       534    100.000
       535    100.000
       536    100.000
       537    100.000
       538    100.000
       539    100.000
       540    100.000
       541    100.000
       542    100.000
       543    100.000
       544    100.000
       545    100.000
       546    100.000
       547    100.000
       548    100.000
       549    100.000
       550    100.000
       551    100.000
       552    100.000
       553    100.000
       554    100.000
       555    100.000
       556    100.000
       557    100.000
       558    100.000
       559    100.000
       560    100.000
       561    100.000
       562    100.000
       563    100.000
       564    100.000
       565    100.000
       566    100.000
       567    100.000
       568    100.000
       569    100.000
       570    100.000
       571    100.000
       572    100.000
       573    100.000
       574    100.000
       575    100.000
       576    100.000
       577    100.000
       578    100.000
       579    100.000
       580    100.000
       581    100.000
       582    100.000
       583    100.000
       584    100.000
       585    100.000
       586    100.000
       587    100.000
       588    100.000
       589    100.000
       590    100.000
       591    100.000
       592    100.000
       593    100.000
       594    100.000
       595    100.000
       596    100.000
       597    100.000
       598    100.000
       599    100.000
       600    100.000
       601    100.000
       602    100.000
       603    100.000
       604    100.000
       605    100.000
       606    100.000
       607    100.000
       608    100.000
       609    100.000
       610    100.000
       611    100.000
       612    100.000
       613    100.000
       614    100.000
       615    100.000
       616    100.000
       617    100.000
       618    100.000
       619    100.000
       620    100.000
       621    100.000
       622    100.000
       623    100.000
       624    100.000
       625    100.000
       626    100.000
       627    100.000
       628    100.000
       629    100.000
       630    100.000
       631    100.000
       632    100.000
       633    100.000
       634    100.000
       635    100.000
       636    100.000
       637    100.000
       638    100.000
       639    100.000
       640    100.000
       641    100.000
       642    100.000
       643    100.000
       644    100.000
       645    100.000
       646    100.000
       647    100.000
       648    100.000
       649    100.000
       650    100.000
       651    100.000
       652    100.000
       653    100.000
       654    100.000
       655    100.000
       656    100.000
       657    100.000
       658    100.000
       659    100.000
       660    100.000
       661    100.000
       662    100.000
       663    100.000
       664    100.000
       665    100.000
       666    100.000
       667    100.000
       668    100.000
       669    100.000
       670    100.000
       671    100.000
       672    100.000
       673    100.000
       674    100.000
       675    100.000
       676    100.000
       677    100.000
       678    100.000
       679    100.000
       680    100.000
       681    100.000
       682    100.000
       683    100.000
       684    100.000
       685    100.000
       686    100.000
       687    100.000
       688    100.000
       689    100.000
       690    100.000
       691    100.000
       692    100.000
       693    100.000
       694    100.000
       695    100.000
       696    100.000
       697    100.000
       698    100.000
       699    100.000
       700    100.000
       701    100.000
       702    100.000
       703    100.000
       704    100.000
       705    100.000
       706    100.000
       707    100.000
       708    100.000
       709    100.000
       710    100.000
       711    100.000
       712    100.000
       713    100.000
       714    100.000
       715    100.000
       716    100.000
       717    100.000
       718    100.000
       719    100.000
       720    100.000
       721    100.000
       722    100.000
       723    100.000
       724    100.000
       725    100.000
       726    100.000
       727    100.000
       728    100.000
       729    100.000
       730    100.000
       731    100.000
       732    100.000
       733    100.000
       734    100.000
       735    100.000
       736    100.000
       737    100.000
       738    100.000
       739    100.000
       740    100.000
       741    100.000
       742    100.000
       743    100.000
       744    100.000
       745    100.000
       746    100.000
       747    100.000
       748    100.000
       749    100.000
       750    100.000
       751    100.000
       752    100.000
       753    100.000
       754    100.000
       755    100.000
       756    100.000
       757    100.000
       758    100.000
       759    100.000
       760    100.000
       761    100.000
       762    100.000
       763    100.000
       764    100.000
       765    100.000
       766    100.000
       767    100.000
       768    100.000
       769    100.000
       770    100.000
       771    100.000
       772    100.000
       773    100.000
       774    100.000
       775    100.000
       776    100.000
       777    100.000
       778    100.000
       779    100.000
       780    100.000
       781    100.000
       782    100.000
       783    100.000
       784    100.000
       785    100.000
       786    100.000
       787    100.000
       788    100.000
       789    100.000
       790    100.000
       791    100.000
       792    100.000
       793    100.000
       794    100.000
       795    100.000
       796    100.000
       797    100.000
       798    100.000
       799    100.000
       800    100.000
       801    100.000
       802    100.000
       803    100.000
       804    100.000
       805    100.000
       806    100.000
       807    100.000
       808    100.000
       809    100.000
       810    100.000
       811    100.000
       812    100.000
       813    100.000
       814    100.000
       815    100.000
       816    100.000
       817    100.000
       818    100.000
       819    100.000
       820    100.000
       821    100.000
       822    100.000
       823    100.000
       824    100.000
       825    100.000
       826    100.000
       827    100.000
       828    100.000
       829    100.000
       830    100.000
       831    100.000
       832    100.000
       833    100.000
       834    100.000
       835    100.000
       836    100.000
       837    100.000
       838    100.000
       839    100.000
       840    100.000
       841    100.000
       842    100.000
       843    100.000
       844    100.000
       845    100.000
       846    100.000
       847    100.000
       848    100.000
       849    100.000
       850    100.000
       851    100.000
       852    100.000
       853    100.000
       854    100.000
       855    100.000
       856    100.000
       857    100.000
       858    100.000
       859    100.000
       860    100.000
       861    100.000
       862    100.000
       863    100.000
       864    100.000
       865    100.000
       866    100.000
       867    100.000
       868    100.000
       869    100.000
       870    100.000
       871    100.000
       872    100.000
       873    100.000
       874    100.000
       875    100.000
       876    100.000
       877    100.000
       878    100.000
       879    100.000
       880    100.000
       881    100.000
       882    100.000
       883    100.000
       884    100.000
       885    100.000
       886    100.000
       887    100.000
       888    100.000
       889    100.000
       890    100.000
       891    100.000
       892    100.000
       893    100.000
       894    100.000
       895    100.000
       896    100.000
       897    100.000
       898    100.000
       899    100.000
       900    100.000
       901    100.000
       902    100.000
       903    100.000
       904    100.000
       905    100.000
       906    100.000
       907    100.000
       908    100.000
       909    100.000
       910    100.000
       911    100.000
       912    100.000
       913    100.000
       914    100.000
       915    100.000
       916    100.000
       917    100.000
       918    100.000
       919    100.000
       920    100.000
       921    100.000
       922    100.000
       923    100.000
       924    100.000
       925    100.000
       926    100.000
       927    100.000
       928    100.000
       929    100.000
       930    100.000
       931    100.000
       932    100.000
       933    100.000
       934    100.000
       935    100.000
       936    100.000
       937    100.000
       938    100.000
       939    100.000
       940    100.000
       941    100.000
       942    100.000
       943    100.000
       944    100.000
       945    100.000
       946    100.000
       947    100.000
       948    100.000
       949    100.000
       950    100.000
       951    100.000
       952    100.000
       953    100.000
       954    100.000
       955    100.000
       956    100.000
       957    100.000
       958    100.000
       959    100.000
       960    100.000
       961    100.000
       962    100.000
       963    100.000
       964    100.000
       965    100.000
       966    100.000
       967    100.000
       968    100.000
       969    100.000
       970    100.000
       971    100.000
       972    100.000
       973    100.000
       974    100.000
       975    100.000
       976    100.000
       977    100.000
       978    100.000
       979    100.000
       980    100.000
       981    100.000
       982    100.000
       983    100.000
       984    100.000
       985    100.000
       986    100.000
       987    100.000
       988    100.000
       989    100.000
       990    100.000
       991    100.000
       992    100.000
       993    100.000
       994    100.000
       995    100.000
       996    100.000
       997    100.000
       998    100.000
       999    100.000
      1000    100.000
      1001    100.000
      1002    100.000
      1003    100.000
      1004    100.000
      1005    100.000
      1006    100.000
      1007    100.000
      1008    100.000
      1009    100.000
      1010    100.000
      1011    100.000
      1012    100.000
      1013    100.000
      1014    100.000
      1015    100.000
      1016    100.000
      1017    100.000
      1018    100.000
      1019    100.000
      1020    100.000
      1021    100.000
      1022    100.000
      1023    100.000
      1024    100.000
      1025    100.000
      1026    100.000
      1027    100.000
      1028    100.000
      1029    100.000
      1030    100.000
      1031    100.000
      1032    100.000
      1033    100.000
      1034    100.000
      1035    100.000
      1036    100.000
      1037    100.000
      1038    100.000
      1039    100.000
      1040    100.000
      1041    100.000
      1042    100.000
      1043    100.000
      1044    100.000
      1045    100.000
      1046    100.000
      1047    100.000
      1048    100.000
      1049    100.000
      1050    100.000
      1051    100.000
      1052    100.000
      1053    100.000
      1054    100.000
      1055    100.000
      1056    100.000
      1057    100.000
      1058    100.000
      1059    100.000
      1060    100.000
      1061    100.000
      1062    100.000
      1063    100.000
      1064    100.000
      1065    100.000
      1066    100.000
      1067    100.000
      1068    100.000
      1069    100.000
      1070    100.000
      1071    100.000
      1072    100.000
      1073    100.000
      1074    100.000
      1075    100.000
      1076    100.000
      1077    100.000
      1078    100.000
      1079    100.000
      1080    100.000
      1081    100.000
      1082    100.000
      1083    100.000
      1084    100.000
      1085    100.000
      1086    100.000
      1087    100.000
      1088    100.000
      1089    100.000
      1090    100.000
      1091    100.000
      1092    100.000
      1093    100.000
      1094    100.000
      1095    100.000
      1096    100.000
      1097    100.000
      1098    100.000
      1099    100.000
      1100    100.000
      1101    100.000
      1102    100.000
      1103    100.000
      1104    100.000
      1105    100.000
      1106    100.000
      1107    100.000
      1108    100.000
      1109    100.000
      1110    100.000
      1111    100.000
      1112    100.000
      1113    100.000
      1114    100.000
      1115    100.000
      1116    100.000
      1117    100.000
      1118    100.000
      1119    100.000
      1120    100.000
      1121    100.000
      1122    100.000
      1123    100.000
      1124    100.000
      1125    100.000
      1126    100.000
      1127    100.000
      1128    100.000
      1129    100.000
      1130    100.000
      1131    100.000
      1132    100.000
      1133    100.000
      1134    100.000
      1135    100.000
      1136    100.000
      1137    100.000
      1138    100.000
      1139    100.000
      1140    100.000
      1141    100.000
      1142    100.000
      1143    100.000
      1144    100.000
      1145    100.000
      1146    100.000
      1147    100.000
      1148    100.000
      1149    100.000
      1150    100.000
      1151    100.000
      1152    100.000
      1153    100.000
      1154    100.000
      1155    100.000
      1156    100.000
      1157    100.000
      1158    100.000
      1159    100.000
      1160    100.000
      1161    100.000
      1162    100.000
      1163    100.000
      1164    100.000
      1165    100.000
      1166    100.000
      1167    100.000
      1168    100.000
      1169    100.000
      1170    100.000
      1171    100.000
      1172    100.000
      1173    100.000
      1174    100.000
      1175    100.000
      1176    100.000
      1177    100.000
      1178    100.000
      1179    100.000
      1180    100.000
      1181    100.000
      1182    100.000
      1183    100.000
      1184    100.000
      1185    100.000
      1186    100.000
      1187    100.000
      1188    100.000
      1189    100.000
